
ids 	 dl_pp_time 	 du_pp_time 	 fl_pp_time 	 fu_pp_time 	 dl_move_time 	 du_move_time 	 fl_move_time 	 fu_move_time 	 dl_num_of_shots 	 fl_num_of_shots 	 du_num_of_shots 	 fu_num_of_shots 	 dl_num_of_moves 	 fl_num_of_moves 	 du_num_of_moves 	 fu_num_of_moves 	 du_excess_shots 	 fu_excess_shots 	 du_acc 	 fu_acc 	 dl_acc 	 fl_acc 	 du_eff_acc 	 fu_eff_acc 	 dl_wps 	 du_wps 	 fl_wps 	 fu_wps 	 tol_preplan_time 	 tol_movement_time 	 tol_num_of_moves 	 tol_excess_moves 	 tol_accuracy 	 tol_efficient_accuracy 	 tol_weighted_performance.score 	 mathScores 
 GAMAR11006 	 8.09 	 7.31 	 5.4 	 6.56 	 37.1 	 29.81 	 5.01 	 55.13 	 5 	 2 	 6 	 6 	 3 	 0 	 3 	 4 	 1 	 3 	 1 	 1 	 0 	 0 	 0 	 0 	 0 	 0 	 0 	 0 	 4086.17 	 11004.75 	 63 	 16 	 8 	 5 	 12 	48
 GAMAR11002 	 15.09 	 4.7 	 13.59 	 13.77 	 16.2 	 66.93 	 17.67 	 19.67 	 2 	 3 	 5 	 3 	 1 	 4 	 12 	 4 	 2 	 1 	 1 	 0 	 0 	 0 	 0 	 0 	 0 	 0 	 0 	 0 	 4532.67 	 13706.58 	 71 	 24 	 5 	 1 	 5 	12
 GAMAR11015 	 5.48 	 2.3 	 2.8 	 9.84 	 14.12 	 3.53 	 5.21 	 39 	 4 	 2 	 2 	 5 	 2 	 2 	 0 	 9 	 0 	 2 	 1 	 1 	 1 	 1 	 1 	 0 	 4 	 2 	 2 	 0 	 3868 	 9133.67 	 55 	 8 	 10 	 8 	 26 	43
 GAMAR11010 	 1.53 	 13.97 	 1.46 	 14.66 	 16.28 	 129.39 	 7.23 	 39.93 	 3 	 2 	 10 	 4 	 3 	 1 	 19 	 8 	 6 	 0 	 0 	 1 	 0 	 0 	 0 	 1 	 0 	 0 	 0 	 4 	 1745.33 	 10493.75 	 62 	 15 	 10 	 5 	 16 	3
 JOTON15009 	 4.6 	 12.31 	 24.1 	 10.68 	 4.53 	 46.26 	 13.71 	 57.28 	 2 	 2 	 4 	 5 	 2 	 6 	 13 	 14 	 2 	 0 	 1 	 1 	 1 	 0 	 0 	 1 	 2 	 0 	 0 	NA	 3506.08 	 11018.08 	 55 	 8 	 9 	 6 	 19 	39
 GAMAR11007 	 2.4 	 14.52 	 3.66 	 6.41 	 17.11 	 43.37 	 8.86 	 67.91 	 2 	 3 	 4 	 11 	 0 	 4 	 17 	 11 	 2 	 7 	 0 	 1 	 0 	 0 	 0 	 0 	 0 	 0 	 0 	 0 	 3013.33 	 10701.33 	 53 	 10 	 10 	 5 	 17 	34
 MOBAU12010 	 1 	 7.1 	 6.78 	 5.2 	 8.63 	 16.69 	 13.57 	 22.65 	 3 	 4 	 5 	 5 	 0 	 0 	 0 	 0 	 3 	 3 	 1 	 1 	 0 	 0 	 0 	 0 	 0 	 0 	 0 	 0 	 3956.92 	 13989.58 	 59 	 13 	 7 	 1 	 4 	NA
 GAMAR11016 	 4.73 	 13.1 	 1.93 	 4.33 	 30.95 	 15.86 	 11.57 	 121.79 	 4 	 3 	 3 	 14 	 9 	 2 	 7 	 21 	 1 	 9 	 1 	 0 	 0 	 0 	 0 	 0 	 0 	 0 	 0 	 0 	 6495.67 	 9168.5 	 50 	 9 	 8 	 6 	 18 	13
 JOTON15003 	 4.94 	 4.72 	 3.23 	 19.1 	 19.72 	 8.44 	 8.82 	 38.32 	 4 	 3 	 3 	 4 	 3 	 4 	 3 	 10 	 0 	 0 	 1 	 1 	 1 	 1 	 1 	 1 	 4 	 3 	 3 	 4 	 2674.75 	 9951.25 	 60 	 13 	 12 	 6 	 17 	50
 GAMAR11009 	 6.89 	NA	 27.62 	 45.76 	NA	 51.48 	 5.68 	 26.84 	 5 	 2 	 4 	 4 	 8 	 8 	 20 	 16 	 1 	 2 	 1 	 0 	 0 	 0 	 0 	 0 	 0 	 0 	 0 	 0 	 4235.58 	 13421.33 	 71 	 24 	 4 	 3 	 5 	19
 JOTON15014 	 6.6 	 28.32 	 12.53 	 5.46 	 3.13 	 97.32 	 10.58 	 100.14 	 2 	 3 	 9 	 6 	 3 	 5 	 25 	 21 	 5 	 1 	 1 	 1 	 1 	 1 	 0 	 0 	 2 	 0 	 3 	 0 	 2724.67 	 11496.58 	 67 	 20 	 7 	 6 	 19 	47
 JOTON15015 	 5.5 	 13 	 5.97 	 17.32 	 19.25 	 23.9 	 18.59 	 51.45 	 3 	 5 	 4 	 5 	 1 	 3 	 2 	 8 	 0 	 2 	 1 	 1 	 0 	 1 	 1 	 0 	 0 	 4 	 5 	 0 	 4368.92 	 10353.92 	 59 	 12 	 10 	 4 	 14 	47
 GAMAR11003 	 1.57 	 6.48 	 11.04 	 8.03 	 31.85 	 8.54 	 4.51 	 41.91 	 5 	 2 	 3 	 4 	 7 	 2 	 2 	 12 	 1 	 2 	 1 	 0 	 0 	 0 	 0 	 0 	 0 	 0 	 0 	 0 	 2566.67 	 11255.67 	 61 	 15 	 8 	 4 	 13 	10
 JOTON15012 	 31.32 	 3.81 	 4.25 	 17.84 	 15.34 	 33.02 	 18.49 	 76.45 	 4 	 5 	 6 	 6 	 5 	 5 	 9 	 12 	 2 	 2 	 1 	 1 	 1 	 1 	 0 	 0 	 4 	 0 	 5 	 0 	 2605.5 	 9526.08 	 63 	 16 	 11 	 6 	 15 	51
 GAMAR11023 	 10.81 	 11.61 	 20.87 	 5.36 	 14.43 	 57.21 	NA	 71.92 	 4 	 5 	 6 	 7 	 4 	 2 	 16 	 18 	 3 	 3 	 1 	 1 	 0 	 0 	 0 	 0 	 0 	 0 	 0 	 0 	 2740.17 	 13218.67 	 70 	 23 	 7 	 4 	 17 	34
 GAMAR11008 	 1.92 	 8.2 	 4.17 	 12.07 	 8.4 	 24.11 	 16.88 	 24.55 	 3 	 4 	 3 	 4 	 1 	 2 	 4 	 4 	 1 	 2 	 1 	 1 	 1 	 1 	 0 	 0 	 3 	 0 	 4 	 0 	 2097 	 7899 	 52 	 5 	 12 	 10 	 35 	27
 GAMAR11014 	 8.79 	 19.94 	 26.42 	 4.03 	 6.57 	 43.8 	 25.44 	 28.43 	 2 	 3 	 5 	 4 	 3 	 7 	 12 	 9 	 3 	 2 	 1 	 1 	 1 	 0 	 0 	 0 	 2 	 0 	 0 	 0 	 2429.33 	 11258.33 	 62 	 15 	 10 	 4 	 11 	24
 GAMAR11019 	 2.43 	 15.59 	 8.26 	 8.68 	 8.46 	 24 	 19.69 	 119.23 	 3 	 3 	 5 	 15 	 0 	 4 	 4 	 8 	 3 	 10 	 1 	 1 	 0 	 0 	 0 	 0 	 0 	 0 	 0 	 0 	 4058.5 	 9592.08 	 65 	 18 	 9 	 5 	 19 	29
 GAMAR11013 	 5.67 	 13.57 	 4.22 	 8.5 	 17.2 	 106.97 	 10.68 	 125.57 	 5 	 2 	 8 	 10 	 3 	 3 	 17 	 18 	 3 	 6 	 0 	 1 	 1 	 0 	 0 	 0 	 5 	 0 	 0 	 0 	 4085.17 	 8930.83 	 53 	 9 	 8 	 7 	 24 	32
 GAMAR11017 	 6.62 	 37.37 	 4.8 	 8.65 	 3.91 	 93.04 	 9.29 	 9.19 	 2 	 3 	 9 	 3 	 1 	 2 	 13 	 2 	 4 	 0 	 1 	 1 	 1 	 1 	 0 	 1 	 2 	 0 	 3 	 3 	 4492.75 	 12481.75 	 52 	 6 	 7 	 5 	 16 	20
 GAMAR11020 	 0.95 	 8.75 	 1.84 	 4.12 	 21.52 	 72.2 	 4.07 	 33.38 	 4 	 2 	 14 	 5 	 5 	 0 	 4 	 3 	 10 	 3 	 1 	 1 	 0 	 0 	 0 	 0 	 0 	 0 	 0 	 0 	 2841.33 	 10189.58 	 53 	 6 	 10 	 8 	 26 	20
 GARIC09004 	 21.04 	 3.81 	 3.33 	 6.29 	 35.67 	 14.7 	 11.22 	 7.24 	 5 	 4 	 3 	 3 	 6 	 1 	 2 	 0 	 1 	 1 	 0 	 0 	 0 	 0 	 0 	 0 	 0 	 0 	 0 	 0 	 5168.25 	 10600.25 	 50 	 5 	 9 	 7 	 21 	16
 JOTON15005 	 3.55 	 9.49 	 1.83 	 8.85 	 14.16 	 33.4 	 14.68 	 56.72 	 3 	 4 	 4 	 4 	 2 	 3 	 10 	 13 	 0 	 1 	 1 	 1 	 1 	 0 	 1 	 0 	 3 	 4 	 0 	 0 	 2938.75 	 11022.58 	 62 	 16 	 9 	 7 	 20 	44
 GAMAR11018 	 5.15 	 2.73 	 3.42 	 2.05 	 3.2 	 107.84 	 10.4 	 33.53 	 2 	 4 	 14 	 6 	 0 	 0 	 15 	 4 	 9 	 4 	 1 	 1 	 0 	 0 	 0 	 0 	 0 	 0 	 0 	 0 	 5395.83 	 8982.17 	 47 	 4 	 10 	 7 	 24 	6
 MOBAU12001 	 4.99 	 5.91 	 5.13 	 10.72 	 4.39 	 104.5 	 5.19 	 29.93 	 2 	 2 	 9 	 5 	 0 	 2 	 13 	 0 	 4 	 3 	 0 	 1 	 0 	 0 	 0 	 0 	 0 	 0 	 0 	 0 	NA	NA	NA	 0 	NA	 1 	 1 	8
NA	 9.18 	 18.65 	 5.65 	 41.37 	 22.8 	 22.27 	 22.9 	 81.66 	 4 	 5 	 8 	 4 	 9 	 2 	 2 	 7 	 6 	 1 	 1 	 0 	 1 	 0 	 0 	 0 	 4 	 0 	 0 	 0 	 5392.33 	 10291.33 	 60 	 16 	 8 	 6 	 20 	NA
 JOTON15002 	 5.21 	 13.18 	 2.85 	 45.34 	 11.94 	 47.08 	 16.18 	 16.13 	 4 	 5 	 3 	 3 	 2 	 1 	 13 	 9 	 1 	 0 	 0 	 1 	 1 	 1 	 0 	 1 	 4 	 0 	 5 	 3 	 2834.33 	 12532.92 	 58 	 12 	 7 	 5 	 14 	34
 JOTON15013 	 2.98 	 11.52 	 5.92 	NA	 10.59 	 76.8 	 14.17 	 80.55 	 3 	 4 	 9 	 9 	 5 	 4 	 12 	 28 	 4 	 4 	 1 	 1 	 1 	 1 	 0 	 0 	 3 	 0 	 4 	 0 	 3717.75 	 9082.58 	 57 	 10 	 11 	 7 	 20 	37
 JOTON15018 	 2.93 	 6.01 	 11.68 	 23.17 	 3.7 	 14.79 	 20.34 	 86.85 	 2 	 5 	 2 	 18 	 1 	 5 	 4 	 0 	 0 	 13 	 1 	 1 	 1 	 1 	 1 	 0 	 2 	 2 	 5 	 0 	 3557.08 	 9579.92 	 48 	 2 	 9 	 8 	 25 	37
 JOTON15019 	 5.23 	 6.46 	 19.96 	NA	 10.24 	 42.88 	 23.84 	 95.02 	 2 	 3 	 4 	 9 	 7 	 4 	 22 	NA	 1 	 5 	 1 	 1 	 0 	 1 	 0 	 0 	 0 	 0 	 3 	 0 	 2836.33 	 9920.67 	 57 	 10 	 10 	 6 	 18 	42
 JOTON15021 	NA	 11.24 	 8.41 	 27 	 39.47 	 17.03 	 10.35 	 68.28 	 4 	 3 	 3 	 8 	 7 	 2 	 5 	 13 	 1 	 3 	 1 	 1 	 1 	 1 	 0 	 0 	 4 	 0 	 3 	 0 	 4126.75 	 10968.42 	 50 	 3 	 10 	 9 	 28 	49
 JOTON15016 	 4.78 	 23.71 	 16.12 	 4.61 	 22.58 	 36.31 	 7.81 	 24.73 	 5 	 2 	 5 	 3 	 6 	 7 	 9 	 9 	 1 	 1 	 1 	 1 	 1 	 0 	 0 	 0 	 5 	 0 	 0 	 0 	 3254.75 	 10256.42 	 52 	 6 	 10 	 6 	 19 	50
 JOTON15004 	 8.51 	 5.63 	NA	 6.83 	 9.98 	 98.64 	NA	 39.6 	 3 	 4 	 6 	 5 	 3 	NA	 16 	 8 	 2 	 1 	 0 	 1 	 0 	 0 	 0 	 0 	 0 	 0 	 0 	 0 	 2267.67 	 10712.92 	 70 	 23 	 9 	 5 	 15 	37
 JOTON15010 	 4.2 	 5.76 	 14.23 	 9.84 	 14.92 	 56.06 	 12.85 	 53.9 	 4 	 2 	 8 	 5 	 6 	NA	 5 	 7 	 4 	 1 	 1 	 0 	 0 	 0 	 0 	 0 	 0 	 0 	 0 	 0 	 3626.33 	 9875.58 	 54 	 7 	 10 	 7 	 20 	50
 JOTON15023 	 5.34 	 6.72 	 2.62 	 37.77 	 3.95 	 80.41 	 11.81 	 70.59 	 2 	 4 	 6 	 5 	 1 	 1 	 11 	 11 	 2 	 1 	 1 	 1 	 1 	 1 	 0 	 0 	 2 	 0 	 4 	 0 	 4283.42 	 9815.42 	 50 	 5 	 10 	 7 	 24 	51
 MOBAU12018 	 33.85 	 4.83 	 3.23 	 40.29 	 3.05 	 11.09 	 6.06 	 47.17 	 2 	 2 	 3 	 6 	 0 	 2 	 3 	 10 	 1 	 3 	 1 	 1 	 0 	 0 	 0 	 0 	 0 	 0 	 0 	 0 	 3231.92 	 11867.92 	 61 	 14 	 8 	 5 	 15 	30
 MOBAU12007 	 33.18 	 5.96 	 1.8 	 8.56 	 41.58 	 56.53 	 17.79 	 113.15 	 5 	 4 	 8 	 15 	NA	 2 	 9 	 17 	 5 	 11 	 0 	 1 	 0 	 0 	 0 	 0 	 0 	 0 	 0 	 0 	 2876 	 10117.5 	 53 	 6 	 9 	 6 	 16 	20
 MOBAU12006 	 1.33 	 1.23 	 3.43 	 4.66 	 8.72 	 90.09 	 6.87 	 20.5 	 3 	 2 	 11 	 5 	 1 	 0 	 6 	 0 	 7 	 2 	 1 	 1 	 0 	 0 	 0 	 0 	 0 	 0 	 0 	 0 	 3440.42 	 11472.5 	 56 	 9 	 9 	 6 	 20 	22
 GARIC09003 	 24.7 	 7.15 	 3.23 	 10.58 	 13.06 	 33.7 	 14.53 	 46.12 	 3 	 4 	 6 	 5 	NA	 4 	 9 	 9 	 3 	 2 	 1 	 1 	 0 	 0 	 0 	 0 	 0 	 0 	 0 	 0 	 2902.83 	 10225 	 64 	 17 	 11 	 4 	 12 	4
 JOTON15017 	 3.55 	 25.8 	 11.63 	 21.79 	 15.68 	 89.49 	 18.12 	 80.84 	 2 	 3 	 17 	 9 	 0 	 2 	 0 	 16 	NA	 6 	 1 	 1 	 0 	 0 	 0 	 0 	 0 	 0 	 0 	 0 	 3201.42 	 11285.83 	 56 	 10 	 9 	 7 	 23 	35
 JOTON15020 	 8.05 	 35.1 	 7.98 	 3.96 	 24.95 	 56.16 	 6.46 	 34.12 	 4 	 2 	 5 	 4 	 8 	 3 	 12 	 3 	 1 	 0 	 1 	 1 	 1 	 1 	 0 	 1 	 4 	 0 	 2 	 4 	 2940.75 	 10813.67 	 68 	 21 	 11 	 5 	 15 	52
 MOBAU12016 	 7.1 	 28.99 	 1.38 	 10.11 	 26.49 	 29.81 	 5.68 	 72.1 	 4 	 2 	 6 	 8 	 4 	 0 	 17 	 13 	 2 	 3 	 0 	 0 	 0 	 0 	 0 	 0 	 0 	 0 	 0 	 0 	 4093.67 	 11597.17 	 50 	 6 	 7 	 4 	 15 	19
 GAMAR11005 	 32.86 	 14.69 	 5.28 	 2.7 	 14.99 	 57.59 	 15.11 	 26.55 	 5 	 5 	 4 	 4 	 2 	 3 	 13 	 5 	 0 	 0 	 1 	 1 	 1 	 1 	 1 	 1 	 5 	 4 	 5 	 4 	 2288.67 	 7449.42 	 58 	 11 	 11 	 9 	 30 	49
 MOBAU12009 	 5.78 	 9.66 	 4.93 	 8.79 	 11.81 	 29.96 	 9.19 	 17.97 	 5 	 5 	 7 	 8 	 5 	 3 	 5 	 5 	 4 	 4 	 1 	 1 	 1 	 1 	 0 	 0 	 0 	 0 	 0 	 0 	 3555.17 	 12152.42 	NA	NA	 7 	 2 	 9 	4
 MOBAU12017 	 7.68 	 8.63 	 6.39 	 6.49 	 3.15 	 18.48 	 23.79 	 70.1 	 2 	 5 	 3 	 8 	 4 	 4 	 2 	 20 	 1 	 4 	 0 	 0 	 0 	 0 	 0 	 0 	 0 	 0 	 0 	 0 	 3463.17 	 12607 	 60 	 13 	 7 	 4 	 9 	6
 MOBAU12008 	 5.43 	 7.67 	 4.42 	 13.66 	 14.43 	 21 	 47.88 	 148.17 	 4 	 4 	 3 	 8 	 1 	 3 	 6 	 10 	 0 	 3 	 1 	 0 	 1 	 0 	 1 	 0 	 4 	 3 	 0 	 0 	 3214 	 10197.58 	 59 	 13 	 9 	 7 	 20 	20
 MOBAU12019 	 22.67 	 6.15 	 13 	 17.09 	 18.05 	 18.38 	 6.75 	 19.07 	 5 	 2 	 5 	 5 	 1 	 3 	 2 	 4 	 0 	 3 	 1 	 1 	 0 	 1 	 1 	 0 	 0 	NA	 2 	 0 	 3203 	 9791.92 	 56 	 9 	 11 	 8 	 28 	6
 MOBAU12013 	 1.71 	 4.89 	 7.22 	 3.08 	 19.33 	 25.28 	 7.46 	 60.89 	 5 	 3 	 7 	 17 	 0 	 0 	 0 	 0 	 5 	 12 	 1 	 1 	 0 	 0 	 0 	 0 	 0 	 0 	 0 	 0 	 3343.92 	 10282.58 	 58 	 11 	 12 	 5 	 19 	4
 MOBAU12003 	 6.34 	 8.64 	 8.92 	 16.02 	 23.63 	 23.84 	 9.09 	 49.93 	 4 	 3 	 5 	 10 	 5 	 2 	 4 	 7 	 2 	 7 	 1 	 0 	 0 	 0 	 0 	 0 	 0 	 0 	 0 	 0 	 3851.75 	 11533.67 	 53 	 8 	 7 	 5 	 11 	7
 GARIC09005 	 17.14 	 12.16 	 13.42 	 11.59 	NA	 58.58 	 11.8 	 51.8 	 3 	 2 	 3 	 4 	 8 	 2 	 12 	 12 	 1 	 1 	 1 	 1 	 0 	 0 	 0 	 0 	 0 	 0 	 0 	 0 	NA	 9338.92 	 35 	 1 	 3 	 2 	 6 	12
 MOBAU12015 	 6.41 	 9.68 	 4.37 	 5.11 	 4.24 	 17.76 	 34.1 	 66.35 	 2 	 4 	 3 	 8 	 2 	 5 	 5 	 7 	 1 	 3 	 1 	 0 	 1 	 0 	 0 	 0 	 2 	 0 	 0 	 0 	 3605 	 9832.08 	 52 	 5 	 10 	 7 	 26 	15
 GARIC09006 	 7.32 	 4.13 	 12.69 	 17.29 	 15.83 	 27.37 	 25.16 	 54.29 	 5 	 5 	 6 	 6 	 0 	 5 	 0 	 11 	 3 	 4 	 1 	 1 	 0 	 0 	 0 	 0 	 0 	 0 	 0 	 0 	 3610.42 	 14285.92 	 65 	 18 	 5 	 4 	 11 	22
 GARIC09011 	 1.88 	 4.43 	 1.48 	 1.5 	 4.06 	 28.73 	 15.88 	 71.28 	 2 	 5 	 8 	 15 	 0 	 0 	 0 	 0 	 6 	 11 	 1 	 1 	 0 	 0 	 0 	 0 	 0 	 0 	 0 	 0 	 3885.42 	 9921.58 	 52 	 6 	 10 	 7 	 21 	19
 GAMAR11011 	 1.45 	 2.76 	 2.67 	 10.07 	 11.82 	 80.19 	 10.47 	 40.21 	 4 	 3 	NA	 14 	 0 	 0 	 0 	 0 	NA	 9 	 1 	 1 	 0 	 0 	 0 	 0 	 0 	 0 	 0 	 0 	 2761.25 	 10835.33 	 65 	 18 	 9 	 7 	 25 	10
 MOBAU12005 	 3.35 	 8.81 	 4.05 	 40.99 	 12.02 	 37.58 	 20.8 	 51.07 	 4 	 5 	 6 	 11 	 2 	 4 	 4 	 9 	 3 	 7 	 1 	 1 	 1 	 0 	 0 	 0 	 4 	 0 	 0 	 0 	 2416.25 	 10470.08 	 62 	 15 	 10 	 6 	 18 	20
 GARIC09016 	 12.76 	 1.92 	 1.68 	 6.37 	 4.25 	NA	 8.58 	NA	 2 	 3 	 11 	 9 	 0 	 0 	 8 	 0 	 7 	 4 	 0 	 1 	 0 	 0 	 0 	 0 	 0 	 0 	 0 	 0 	 3856.08 	 15185.08 	 67 	 21 	 3 	 1 	 2 	16
 GAMAR11012 	 1.1 	 5.9 	 1.73 	 3.32 	 32.62 	 100.65 	 44.88 	 48.34 	 4 	 3 	 7 	 5 	 8 	 5 	 14 	 8 	 2 	 2 	 1 	 0 	 0 	 0 	 0 	 0 	 0 	 0 	 0 	 0 	 5348.75 	 9360.67 	 47 	 3 	 10 	 9 	 32 	NA
 JOTON15008 	 22.78 	 11.98 	 7.86 	 8.8 	 27.74 	 4.7 	 22.22 	 4.65 	 5 	 5 	 2 	 2 	 13 	 12 	 3 	 2 	 0 	 0 	 1 	 1 	 1 	 1 	 1 	 1 	 5 	 2 	 5 	 2 	 4081.5 	 7445.67 	 57 	 14 	 11 	 6 	 20 	51
 GARIC09012 	 4.79 	 4.06 	 3.5 	 1.33 	 14.29 	 45.43 	 3.77 	 86.59 	 5 	 2 	 10 	NA	 0 	 0 	 0 	 0 	 7 	NA	 1 	 1 	 0 	 0 	 0 	 0 	 0 	 0 	 0 	 0 	 3043.58 	 12402.08 	 65 	 18 	 6 	 5 	 12 	7
 GARIC09007 	 1.35 	 20.37 	 1.68 	 12.02 	 17.1 	NA	 9.91 	 48.34 	 3 	 3 	 10 	 3 	 3 	 1 	 9 	 1 	 5 	 0 	 0 	 1 	 1 	 0 	 0 	 1 	 3 	 0 	 0 	 3 	 5547.75 	 13005.92 	 48 	 5 	 5 	 2 	 5 	8
 GARIC09015 	 1.58 	 1.15 	 19.08 	 2.4 	 18.44 	 18.16 	 8.36 	 89.69 	 4 	 2 	 2 	 9 	 3 	 2 	 1 	 14 	 0 	 5 	 1 	 0 	 0 	 0 	 1 	 0 	 0 	 2 	 0 	 0 	 5054.75 	 11982.42 	 61 	 15 	 5 	 4 	 11 	9
 GARIC09014 	 9.98 	 20.87 	 2.78 	 1.79 	 5.83 	 49.97 	 8.97 	 60.83 	 2 	 3 	 8 	 9 	 2 	 2 	 11 	 9 	 3 	 5 	 1 	 0 	 0 	 0 	 0 	 0 	 0 	 0 	 0 	 0 	 3484 	 12811.67 	 60 	 13 	 8 	 4 	 13 	12
 GARIC09017 	 1.52 	 3.07 	 1.87 	 2.78 	 4.28 	 77.41 	 15.62 	 40 	 2 	 5 	 10 	 6 	 1 	 0 	 12 	 8 	 5 	 3 	 1 	 1 	 1 	 0 	 0 	 0 	 2 	 0 	 0 	 0 	 3017.83 	 13709.42 	 64 	 18 	 9 	 2 	 5 	NA
 GARIC09021 	 2.28 	 14.39 	 1.36 	 3.28 	 11.45 	 205.51 	 4 	 36.83 	 4 	 2 	 14 	 6 	 0 	 0 	 13 	 1 	 9 	 4 	 0 	 1 	 0 	 0 	 0 	 0 	 0 	 0 	 0 	 0 	 7269.5 	 11618.75 	 47 	 6 	 5 	 3 	 11 	3
NA	 8.49 	 16.02 	 13.74 	 13.07 	 40.99 	 26.38 	 28.34 	 49.84 	 5 	 5 	 3 	 5 	 0 	 1 	 5 	 8 	 0 	 1 	 0 	 0 	 0 	 0 	 0 	 0 	 0 	 0 	 0 	 0 	 2910.25 	 12484.08 	 61 	 15 	 7 	 4 	 15 	NA
 JOTON15001 	 16.09 	 3.65 	 8.7 	 9.71 	 12.53 	 66.46 	 22.74 	 13.54 	 3 	 5 	 5 	 2 	 6 	 4 	 11 	 4 	 1 	 0 	 1 	 1 	 0 	 1 	 0 	 1 	 0 	 0 	 5 	 2 	 4438.25 	 9882.17 	 51 	 4 	 10 	 9 	 29 	48
 MOBAU12014 	 5.8 	 18.62 	 23.93 	 14.65 	 18.98 	 49.08 	 20.69 	 31.66 	 4 	 3 	 5 	 4 	 3 	 0 	 9 	 3 	 1 	 1 	 1 	 1 	 0 	 0 	 0 	 0 	 0 	 0 	 0 	 0 	 3087 	 11982 	 59 	 12 	 9 	 6 	 25 	NA
 JOTON15007 	 5.75 	 19.91 	 3.9 	 10.78 	 23.37 	 26.34 	 19.67 	 83.89 	 5 	 3 	 4 	 9 	 4 	 5 	 9 	 7 	 0 	 4 	 1 	 0 	 0 	 1 	 1 	 0 	 0 	 4 	 3 	 0 	 2410.08 	 9837 	 56 	 9 	 10 	 8 	 26 	NA
 GARIC09019 	 7.82 	 8.42 	 2.65 	 12.33 	 4.53 	 42.65 	 4.28 	 87.17 	 2 	 2 	 4 	 4 	 2 	 0 	 13 	NA	 2 	 1 	 1 	 0 	 0 	 0 	 0 	 0 	 0 	 0 	 0 	 0 	 2686.75 	 9439.67 	 64 	 17 	 10 	 7 	 24 	29
NA	 5.26 	 7.73 	 3.59 	 6.93 	 10.86 	 67 	 4.98 	 68.35 	 3 	 2 	 12 	 11 	 2 	 2 	 12 	 15 	 8 	 7 	 1 	 0 	 0 	 0 	 0 	 0 	 0 	 0 	 0 	 0 	 2122.17 	 10349.17 	 66 	 19 	 9 	 7 	 28 	NA
NA	 3.63 	 11.27 	 14.47 	 7.39 	 3.71 	 17.65 	 33.1 	 38.41 	 2 	 4 	 3 	 3 	 1 	 6 	 4 	 3 	 0 	 1 	 1 	 1 	 1 	 1 	 1 	 0 	 2 	 3 	 4 	 0 	 3890.5 	 9017.25 	 53 	 7 	 10 	 7 	 24 	NA
